 126    1.106338  1.921463  0.421436  0.282616  1.00  0.070090  0.138561  0.123765  0.157170  1328.965576  2.105685  986.691162  0.704052
 127    1.111400  1.837714  0.459117  0.281504  1.00  0.087340  0.141815  0.123772  0.175597  1106.457031  2.356484  1021.648682  0.740622
 128    1.111776  1.773168  0.436888  0.288660  1.00  0.079755  0.142552  0.124864  0.191220  1260.231934  2.181914  1001.141968  0.725548
 129    1.115800  1.705227  0.441129  0.276840  1.00  0.084545  0.131413  0.116466  0.160032  1370.053589  2.406784  914.721497  0.717969
 130    1.109203  1.625739  0.483669  0.313499  1.00  0.107918  0.140098  0.123021  0.178060  1115.430054  2.224698  1092.140137  0.797168
 131    1.106618  1.558751  0.405161  0.313018  1.00  0.066039  0.130374  0.115357  0.155719  1560.400879  1.916269  936.529480  0.718179
 132    1.086413  1.491137  0.466590  0.272472  1.00  0.093306  0.134986  0.119047  0.159197  1191.750610  2.325982  997.422729  0.739062
 133    1.085630  1.408177  0.443588  0.267970  1.00  0.083528  0.136496  0.119835  0.167256  1344.520874  2.326059  882.434326  0.711558
 134    1.078248  1.324944  0.421101  0.279822  1.00  0.086272  0.122442  0.107365  0.148108  1395.656372  2.432479  848.242249  0.700923
 135    1.090099  1.264100  0.379917  0.282622  1.00  0.071795  0.120391  0.104347  0.157680  1434.545288  2.268852  779.607178  0.662539
 136    1.076429  1.210222  0.432908  0.271504  1.00  0.091491  0.125076  0.109694  0.168723  1432.432373  2.299872  860.606995  0.704412
 137    1.075399  1.163955  0.418517  0.285416  1.00  0.085930  0.118695  0.102611  0.160265  1466.591064  2.211635  864.862244  0.703933
 138    1.082461  1.106805  0.438542  0.299491  1.00  0.092701  0.136158  0.117953  0.208527  1267.060913  2.660404  854.012268  0.738034
 139    1.066744  1.029673  0.420421  0.335727  1.00  0.081016  0.135103  0.116344  0.196811  1371.990479  2.551076  835.715698  0.756147
 140    1.060752  0.974446  0.390889  0.331676  1.00  0.078056  0.128839  0.111034  0.174805  1363.833618  2.614374  835.342346  0.722565
 141    1.058735  0.877906  0.384487  0.368250  1.00  0.083528  0.144013  0.125842  0.198017  1176.466797  2.535026  871.419739  0.752737
 142    1.045903  0.792356  0.404958  0.377632  1.00  0.076015  0.153277  0.140963  0.178671  1206.524780  2.217199  1086.940308  0.782590
 143    1.036899  0.729027  0.406167  0.376353  1.00  0.090520  0.148329  0.134620  0.169634  1109.335815  2.195582  1068.141357  0.782520
 144    1.041585  0.655295  0.394783  0.379238  1.00  0.083752  0.143839  0.131759  0.161889  1182.818237  2.179098  1080.119507  0.774021
 145    1.033926  0.541664  0.374951  0.498336  1.00  0.094842  0.160440  0.143986  0.198747  1139.780884  2.134206  1271.199219  0.873287
 146    1.013019  0.531598  0.353235  0.434865  1.00  0.082925  0.157884  0.140266  0.198021  1149.233643  2.205184  1166.958252  0.788100
 147    0.978530  0.451730  0.309700  0.432643  1.00  0.067243  0.149239  0.133647  0.172431  1075.278809  2.074460  1125.040894  0.742342
 148    0.951887  0.356646  0.295692  0.433794  1.00  0.068972  0.158234  0.146476  0.184570  1197.619019  1.908792  1112.479736  0.729487
 149    0.941007  0.271381  0.295691  0.420670  1.00  0.072535  0.163956  0.150968  0.189180  1211.674561  1.426277  1243.052246  0.716362
 150    0.923971  0.192125  0.360001  0.400333  1.00  0.086794  0.166885  0.153376  0.195384  1164.537720  1.860749  1115.854126  0.760334
 151    0.887950  0.090155  0.401579  0.431456  1.00  0.089982  0.162557  0.148092  0.198257  728.924072  2.261901  1375.659546  0.833035
 152    0.927898  0.062462  0.377220  0.387376  1.00  0.090979  0.156254  0.142454  0.196725  1169.384521  1.725180  1165.618774  0.764597
 153    0.955834  0.002301  0.444916  0.368433  1.00  0.121468  0.164563  0.152692  0.207267  1024.326294  1.692831  1480.009888  0.813350
 154    0.968228  0.002749  0.441984  0.306782  1.00  0.106448  0.154211  0.142331  0.203950  802.690430  2.335051  1081.778564  0.748766
 155    0.911058  -0.077535  0.476633  0.313788  1.00  0.079868  0.156479  0.146795  0.176849  710.146729  2.153282  1342.357788  0.790421
 156    0.953309  -0.153451  0.454039  0.303254  1.00  0.089516  0.159561  0.150141  0.188019  826.541382  2.067240  1298.023804  0.757292
 176    1.000305  -0.127726  0.346254  0.258945  1.00  0.052784  0.112805  0.101415  0.133115  1477.181396  2.161876  762.694458  0.605200
 177    1.005088  -0.065480  0.360188  0.256682  1.00  0.058936  0.113384  0.101550  0.129533  1846.582764  1.668427  771.207703  0.616870
 178    1.025023  0.055636  0.322957  0.199032  1.00  0.050027  0.103983  0.093591  0.121029  1687.824585  2.265244  558.223511  0.521989
 179    1.017904  0.070985  0.314587  0.247252  1.00  0.050061  0.107780  0.094090  0.135972  1899.479614  2.242703  576.789001  0.561839
 180    1.006008  0.123922  0.339333  0.225542  1.00  0.061743  0.110903  0.095915  0.135430  1495.431641  2.197334  640.358765  0.564875
 181    0.974202  0.161360  0.370346  0.246648  1.00  0.061579  0.112492  0.099200  0.130277  1593.678711  2.100890  671.334717  0.616994
 182    0.928524  0.173942  0.379086  0.264777  1.00  0.062037  0.108232  0.093667  0.123339  1110.941284  2.693984  770.619629  0.643864
 183    0.949763  0.271692  0.370758  0.212956  1.00  0.067650  0.109947  0.094907  0.118042  1620.173462  2.087835  708.927917  0.583714
 184    0.933407  0.337513  0.407462  0.190552  1.00  0.076051  0.120518  0.104078  0.128031  1417.177490  2.341099  716.498108  0.598014
 185    0.913541  0.374955  0.372140  0.211115  1.00  0.056715  0.113380  0.098758  0.118438  1712.001953  2.017636  619.400452  0.583255
 186    0.894692  0.429288  0.378656  0.214073  1.00  0.054801  0.120297  0.105888  0.127007  1853.490967  1.814314  741.178650  0.592729
 187    0.896415  0.496807  0.375466  0.190943  1.00  0.061008  0.111989  0.099062  0.119627  1603.826172  1.957110  708.224792  0.566409
 188    0.903703  0.531275  0.381433  0.211557  1.00  0.059677  0.115370  0.102321  0.123737  1488.781860  1.978520  702.032837  0.592990
 189    0.937831  0.585412  0.312589  0.208590  1.00  0.043538  0.103937  0.093955  0.110930  2157.498779  1.489649  602.385193  0.521178
 190    0.856332  1.974224  0.508250  0.192973  1.00  0.103786  0.135567  0.112777  0.195230  1052.886353  2.685344  953.777222  0.701223
 190    0.945521  0.587199  0.282228  0.248419  1.00  0.042201  0.106382  0.095591  0.117792  2059.682861  1.205419  643.896973  0.530647
 191    0.856290  1.917907  0.522830  0.214565  1.00  0.106407  0.156922  0.134445  0.208763  1029.523438  2.603141  1035.879639  0.737396
 191    0.974271  0.535057  0.254229  0.349327  1.00  0.050185  0.118872  0.106962  0.141793  1665.570068  1.651662  815.316345  0.603556
 192    0.837118  1.886922  0.533245  0.177113  1.00  0.105851  0.142826  0.117148  0.202790  967.938721  3.390996  834.871033  0.710358
 192    0.996272  0.553116  0.254305  0.353824  1.00  0.061801  0.133111  0.118904  0.168956  1242.321045  2.078833  769.794067  0.608129
 193    0.832086  1.823665  0.541735  0.206183  1.00  0.097160  0.150147  0.126251  0.220453  995.901855  2.882712  1024.283081  0.747918
 193    0.975402  0.519498  0.280531  0.383061  1.00  0.076235  0.137339  0.120178  0.202582  1299.048096  2.719013  685.441406  0.663592
 194    0.854419  1.789794  0.573068  0.242230  1.00  0.141376  0.154272  0.129404  0.222103  986.244141  2.572170  1275.586304  0.815298
 194    0.957156  0.492783  0.284443  0.395014  1.00  0.072374  0.142359  0.125509  0.200603  1317.589600  2.459998  786.294250  0.679457
 195    0.890134  1.757789  0.489410  0.262999  1.00  0.089660  0.148672  0.126953  0.201649  1124.952026  2.465892  1084.250488  0.752409
 195    0.895788  0.371558  0.349065  0.476479  1.00  0.088481  0.148019  0.125530  0.207601  788.921204  3.579023  925.356079  0.825544
 196    0.891755  1.718886  0.538217  0.272417  1.00  0.115007  0.153096  0.131489  0.211465  1053.319214  2.467239  1195.277100  0.810634
 196    0.945018  0.431067  0.304989  0.383396  1.00  0.079469  0.134790  0.116762  0.205914  1107.962036  2.839705  777.326416  0.688385
 197    0.929955  1.691952  0.497105  0.284028  1.00  0.087974  0.161385  0.142808  0.213778  1226.420776  2.408002  1148.118042  0.781133
 197    0.934719  0.434548  0.295764  0.353326  1.00  0.065806  0.129371  0.113255  0.181897  1343.261475  1.959541  821.961426  0.649090
 198    0.970891  1.656167  0.460270  0.264419  1.00  0.084218  0.149658  0.128055  0.204276  1127.674072  2.650314  936.466064  0.724689
 198    0.951608  0.446609  0.259815  0.318675  1.00  0.056028  0.121468  0.105505  0.170961  1431.368652  2.477783  587.680725  0.578490
 199    0.975346  1.629696  0.463735  0.285681  1.00  0.088856  0.150088  0.131780  0.200241  1149.649414  2.566655  1009.231445  0.749416
 199    0.922601  0.443084  0.283846  0.318290  1.00  0.047233  0.120678  0.106751  0.148397  1405.667725  1.930044  699.908936  0.602137
 200    1.012517  1.617104  0.441042  0.253783  1.00  0.077976  0.143205  0.123523  0.206227  1119.613403  2.828435  856.538574  0.694825
 200    0.983636  0.470199  0.244370  0.300125  1.00  0.048643  0.111119  0.096838  0.159496  1569.372559  2.473011  508.788147  0.544495
 201    1.023957  1.577140  0.472244  0.299592  1.00  0.089984  0.150001  0.134058  0.205828  1191.382080  2.421968  994.718933  0.771836
 201    0.965110  0.491352  0.271362  0.292922  1.00  0.045907  0.111720  0.097680  0.134434  1597.162354  2.005615  575.329895  0.564285
 202    1.030972  1.575790  0.467334  0.288527  1.00  0.091337  0.150069  0.133728  0.212088  1196.155518  2.676253  916.912048  0.755862
 202    1.011004  0.507234  0.220492  0.294624  1.00  0.043269  0.106652  0.094264  0.132001  1928.304932  1.713801  579.696289  0.515116
 203    1.031980  1.572954  0.468294  0.268643  1.00  0.094720  0.148453  0.130811  0.206024  1255.199219  2.691676  915.082397  0.736937
 203    1.029204  0.530949  0.232714  0.289834  1.00  0.050552  0.111046  0.097746  0.135839  1639.775757  1.924265  558.059692  0.522549
 204    1.014454  1.553840  0.477472  0.275663  1.00  0.093249  0.147251  0.128138  0.212615  1412.671265  2.446072  961.749023  0.753135
 204    1.046686  0.534232  0.255245  0.313680  1.00  0.053250  0.117405  0.101060  0.156409  1659.929810  2.138883  563.626282  0.568925
 205    1.014545  1.543813  0.475587  0.276762  1.00  0.098557  0.142470  0.126105  0.202072  1217.928345  2.535115  898.696228  0.752349
 205    1.047057  0.548365  0.260392  0.314114  1.00  0.054476  0.111516  0.095233  0.149790  1627.628540  2.336288  533.031433  0.574506
 206    0.997400  1.546204  0.496887  0.239989  1.00  0.105891  0.143566  0.123045  0.216738  1062.491943  2.811738  882.563049  0.736875
 206    1.075389  0.566032  0.226588  0.322369  1.00  0.051582  0.112746  0.096619  0.156320  1500.398193  2.332998  545.606506  0.548958
 207    1.006790  1.552431  0.470775  0.253935  1.00  0.091366  0.148858  0.131674  0.217349  1080.579102  2.778853  868.296143  0.724710
 207    1.072046  0.575372  0.222575  0.325572  1.00  0.054183  0.110939  0.095068  0.151179  1782.714600  2.400985  564.243652  0.548147
 208    1.053383  0.586709  0.260893  0.326072  1.00  0.063092  0.118723  0.103030  0.151355  1678.137573  2.003477  693.342651  0.586966
 208    1.010863  1.568506  0.499617  0.254365  1.00  0.110527  0.145386  0.123275  0.233083  900.814148  3.099231  872.087891  0.753981
 209    1.034182  0.589320  0.283044  0.330838  1.00  0.065754  0.120237  0.103636  0.164292  1449.927979  2.541018  608.161011  0.613882
 209    1.030561  1.602136  0.462931  0.232083  1.00  0.089195  0.147491  0.129772  0.226892  939.603821  3.294563  717.576416  0.695013
 210    1.030942  0.600703  0.236164  0.323957  1.00  0.049344  0.115969  0.101250  0.149940  1716.477051  2.358454  594.451233  0.560121
 210    1.043303  1.638305  0.457893  0.270606  1.00  0.087036  0.147354  0.130560  0.231008  1030.874756  2.938622  778.601013  0.728499
 211    1.059803  1.676224  0.430135  0.249553  1.00  0.072726  0.139552  0.123127  0.218627  1104.508057  3.069907  672.330261  0.679689
 211    1.008595  0.598515  0.276659  0.325498  1.00  0.068808  0.114223  0.097123  0.152722  1208.685059  2.389936  661.835144  0.602158
 212    0.980486  0.609799  0.248689  0.318471  1.00  0.053612  0.113312  0.097997  0.140398  1973.933838  1.991199  632.884705  0.567160
 212    1.084939  1.729674  0.425700  0.266588  1.00  0.070988  0.149957  0.131956  0.219071  1122.715698  2.595099  816.737732  0.692289
 213    1.089505  1.750495  0.479264  0.277588  1.00  0.108397  0.149935  0.133335  0.230497  914.411255  2.831922  910.352783  0.756852
 213    0.972066  0.613756  0.267866  0.324341  1.00  0.062035  0.114196  0.096390  0.149368  1461.409790  2.250358  619.537354  0.592207
 214    0.970158  0.612969  0.271800  0.331443  1.00  0.056340  0.120767  0.104460  0.157630  1581.124268  2.092184  659.456848  0.603243
 214    1.067563  1.782595  0.471049  0.230686  1.00  0.089274  0.139658  0.118590  0.231551  975.378723  3.380133  710.399353  0.701736
 215    1.071090  1.815066  0.479147  0.259084  1.00  0.090666  0.155501  0.138375  0.227051  1008.408081  2.716460  890.714600  0.738231
 215    0.970062  0.609579  0.258805  0.335622  1.00  0.059070  0.124395  0.109792  0.152231  1536.007202  1.364954  848.997803  0.594427
 216    1.068614  1.849818  0.403950  0.239718  0.98  0.061110  0.138198  0.122631  0.200666  1185.328613  2.746614  707.820007  0.643668
 216    0.992179  0.596116  0.228795  0.347226  1.00  0.050699  0.123528  0.108105  0.162957  1330.517456  1.783008  752.703857  0.576021
 217    1.032271  1.891153  0.469529  0.233931  1.00  0.086654  0.146917  0.130218  0.218938  1011.003418  3.190333  753.434326  0.703460
 217    0.973806  0.587246  0.247359  0.358538  1.00  0.054854  0.127381  0.110424  0.186450  1290.912231  2.710818  570.031372  0.605897
 218    1.017377  1.938836  0.470041  0.250896  1.00  0.089921  0.147160  0.130535  0.224706  1012.073608  3.214424  799.638184  0.720937
 218    0.990569  0.597747  0.214672  0.344781  1.00  0.044805  0.121819  0.106657  0.174410  1582.365845  2.465329  541.095642  0.559453
 219    0.984097  1.980210  0.472884  0.253007  1.00  0.092492  0.141150  0.123556  0.218425  1012.574768  3.156628  821.762512  0.725891
 219    1.015877  0.586622  0.205853  0.346464  1.00  0.052560  0.123165  0.107789  0.168101  1475.814209  2.402681  580.000305  0.552317
 220    1.010442  0.583292  0.213240  0.344538  1.00  0.049699  0.119517  0.104614  0.155925  1595.830566  2.188921  612.696899  0.557778
 221    1.030836  0.589859  0.217218  0.337527  1.00  0.053032  0.120932  0.106092  0.169661  1420.211914  2.291134  583.711792  0.554745
 222    1.031478  0.577153  0.222646  0.345876  1.00  0.049563  0.124168  0.109404  0.171303  1538.505493  2.388462  613.152039  0.568522
 223    1.049195  0.574895  0.216371  0.339403  1.00  0.051517  0.121797  0.106076  0.172029  1516.179199  2.389748  568.252747  0.555775
 224    1.046219  0.554880  0.220691  0.355139  1.00  0.053939  0.119304  0.104315  0.162469  1586.173340  2.210491  613.096252  0.575831
 225    1.072907  0.535763  0.212979  0.374569  1.00  0.054523  0.130218  0.113076  0.190198  1262.056519  2.730174  597.141174  0.587548
 226    1.070253  0.528724  0.228349  0.379982  1.00  0.056045  0.125021  0.107068  0.202139  1407.943359  3.144272  519.529480  0.608331
 227    1.052551  0.497040  0.246523  0.391588  1.00  0.067205  0.132920  0.113990  0.199268  1287.057129  2.805181  670.341919  0.638111
 228    1.030987  0.452659  0.266714  0.409757  1.00  0.068303  0.138747  0.120622  0.202400  1243.524414  2.830529  683.523987  0.676471
 229    1.030377  0.398321  0.241824  0.428767  0.99  0.067826  0.136263  0.117749  0.217683  1210.398926  3.320049  646.522400  0.670591
 230    0.978793  0.365527  0.319701  0.419356  1.00  0.087578  0.144509  0.123461  0.232678  1011.556152  3.228351  740.296082  0.739057
 231    0.946709  0.324417  0.314602  0.403094  1.00  0.077128  0.147340  0.129182  0.221919  1126.079590  3.040428  715.121094  0.717695
 232    0.954265  0.276772  0.288987  0.396284  1.00  0.073514  0.140489  0.122795  0.223520  1317.848999  2.554147  793.010620  0.685271
 233    0.945833  0.245226  0.333997  0.383677  1.00  0.080165  0.142775  0.125521  0.228109  1178.058105  2.813818  760.302795  0.717674
 234    0.943729  0.223358  0.329333  0.371299  1.00  0.073847  0.137839  0.121714  0.201974  1132.599243  2.617528  760.568909  0.700632
 235    0.897462  0.171842  0.406606  0.392602  1.00  0.081041  0.140054  0.122036  0.214433  818.025818  3.100987  968.486755  0.799208
 236    0.935588  0.195612  0.307684  0.350650  1.00  0.061217  0.135316  0.118573  0.186561  1390.379883  2.226905  733.520447  0.658334
 237    0.978481  0.194951  0.294647  0.315154  1.00  0.061942  0.118760  0.103458  0.170537  1431.947388  2.094218  692.088501  0.609801
 238    0.973554  0.175720  0.348395  0.329612  1.00  0.075691  0.132708  0.116928  0.166548  1331.284058  1.652391  925.681763  0.678006
 239    0.989658  0.167439  0.353322  0.305423  1.00  0.076238  0.120610  0.105206  0.167737  1355.061279  1.990657  824.743530  0.658745
 240    1.011418  0.158946  0.331549  0.302825  1.00  0.066883  0.121714  0.106835  0.155615  1582.486084  1.722917  797.514709  0.634374
 241    0.936539  1.947319  0.451413  0.245357  1.00  0.076917  0.129396  0.111226  0.169123  1269.777710  2.548044  857.047363  0.696770
 241    1.015781  0.163480  0.269023  0.273738  1.00  0.044572  0.106641  0.092689  0.143444  1770.261108  1.917494  585.921631  0.542761
 242    0.932198  1.890252  0.476675  0.196841  1.00  0.075216  0.132517  0.115005  0.163230  1135.250610  3.083044  773.723511  0.673515
 242    1.015285  0.155268  0.335688  0.272201  1.00  0.059975  0.123293  0.108238  0.149219  1452.928589  1.387929  846.640137  0.607889
 243    0.958610  1.832876  0.507048  0.249929  1.00  0.096310  0.152022  0.130524  0.204892  1037.700073  2.530122  1008.303345  0.756977
 243    1.011944  0.164230  0.347561  0.268830  1.00  0.063281  0.119954  0.104019  0.145245  1455.439087  1.169585  878.814880  0.616390
 244    1.014225  1.772260  0.498492  0.289115  1.00  0.112725  0.145245  0.123066  0.197361  1193.248901  2.217415  1175.893188  0.787607
 244    1.006522  0.177192  0.358380  0.254858  1.00  0.058636  0.115610  0.099964  0.141865  1541.060425  1.072855  892.911621  0.613239
 245    1.017390  1.722556  0.469076  0.269463  1.00  0.082090  0.144909  0.127871  0.189399  1275.409180  2.446022  978.731262  0.738539
 245    1.030322  0.195618  0.342033  0.248574  1.00  0.065570  0.112897  0.096508  0.159158  1470.306274  2.410761  620.825500  0.590608
 246    1.051854  1.686054  0.478930  0.250023  1.00  0.100831  0.134544  0.115123  0.186855  1099.118408  2.887070  878.551208  0.728953
 246    1.009004  0.216390  0.349238  0.238228  1.00  0.063991  0.115877  0.100648  0.141733  1483.570801  1.779752  715.966614  0.587466
 247    1.051552  1.643371  0.517753  0.311065  1.00  0.113678  0.157056  0.136122  0.203381  1079.996094  2.175971  1235.396851  0.828818
 247    0.959604  0.234330  0.369202  0.233777  1.00  0.062553  0.112984  0.096612  0.131284  1555.098999  1.575530  856.823975  0.602978
 248    1.052642  1.609735  0.482313  0.296080  1.00  0.101814  0.149417  0.127509  0.209661  1173.232910  2.411764  1052.497070  0.778393
 248    0.947304  0.195148  0.363524  0.309611  1.00  0.064938  0.116125  0.100957  0.131270  1174.746582  1.705697  999.592102  0.673135
 249    1.048002  1.553253  0.494613  0.274480  1.00  0.108594  0.148028  0.126960  0.195452  1305.901978  2.243562  1078.045532  0.769092
 249    0.951989  0.272559  0.374174  0.253840  1.00  0.077201  0.118453  0.103586  0.130062  1485.210571  1.299903  925.115967  0.628013
 250    1.033336  1.513424  0.479380  0.273915  1.00  0.088072  0.145609  0.126196  0.190105  1296.717773  2.357619  996.028931  0.753295
 250    0.946833  0.244106  0.343060  0.303419  1.00  0.058058  0.118736  0.103008  0.132107  1305.108887  1.673386  930.668335  0.646479
 251    1.033137  1.479024  0.468446  0.267372  1.00  0.088456  0.139600  0.117897  0.196377  1253.063599  2.545846  883.067871  0.735818
 251    0.936159  0.325988  0.373963  0.236558  1.00  0.070615  0.117920  0.101008  0.132793  1569.551758  1.693060  859.447510  0.610521
 252    1.049419  1.469632  0.465031  0.250268  1.00  0.098132  0.129763  0.109381  0.213730  1040.930542  2.975940  821.763245  0.715298
 252    0.938441  0.388050  0.283536  0.207967  1.00  0.042927  0.100285  0.088315  0.111002  2218.926270  1.355598  588.349854  0.491503
 253    1.044390  1.428156  0.435441  0.284229  1.00  0.088121  0.133346  0.113122  0.204071  1228.693481  2.993072  758.490784  0.719671
 253    0.942189  0.424619  0.344821  0.210369  0.99  0.063254  0.107567  0.093915  0.119238  1430.840332  1.791154  698.798767  0.555190
 254    1.052282  1.415872  0.464437  0.289965  1.00  0.088280  0.147078  0.127971  0.231684  1096.661621  3.213794  802.053406  0.754402
 254    0.958394  0.454947  0.274293  0.228937  1.00  0.043093  0.099178  0.086799  0.119204  1700.027100  1.960780  499.324127  0.503231
 255    1.088655  1.434042  0.441089  0.275268  1.00  0.083809  0.147242  0.129851  0.227825  1173.125977  2.882239  836.304382  0.716357
 255    0.987265  0.443022  0.271703  0.284211  1.00  0.046119  0.101684  0.087954  0.114378  1723.447144  1.598602  705.887512  0.555914
 256    1.096672  1.416900  0.420103  0.312425  1.00  0.080865  0.145811  0.129359  0.225056  1210.881958  2.919650  778.435425  0.732527
 256    0.993586  0.533372  0.279591  0.247359  1.00  0.046769  0.102884  0.089449  0.114061  1808.236572  1.557913  611.493164  0.526949
 257    1.090785  1.454116  0.433280  0.297436  1.00  0.084325  0.148474  0.134357  0.221426  1249.890015  2.996135  763.034058  0.730716
 257    1.023851  0.568815  0.244754  0.256680  1.00  0.045793  0.103308  0.090838  0.120836  1724.191040  1.572466  584.045654  0.501434
 258    1.074752  1.496865  0.434813  0.255915  1.00  0.086227  0.140625  0.125242  0.195916  1181.350830  2.759459  790.685303  0.690728
 258    1.036931  0.588096  0.260770  0.274321  1.00  0.053984  0.105104  0.090624  0.135618  1604.343994  2.090407  531.551941  0.535091
 259    1.050073  1.543927  0.512214  0.245122  1.00  0.121240  0.150151  0.128772  0.219642  925.580933  3.649863  770.741089  0.757336
 259    1.025006  0.604553  0.291541  0.292508  1.00  0.053101  0.112036  0.097250  0.130210  1703.340332  1.261278  793.798889  0.584049
 260    1.015541  1.591066  0.528322  0.239258  1.00  0.110959  0.161757  0.143723  0.233458  874.221558  3.687238  817.230469  0.767581
 260    1.027923  0.617853  0.292240  0.292668  1.00  0.048197  0.113006  0.099510  0.129827  1983.812988  1.063027  777.038025  0.584908
 261    0.993122  1.651103  0.478919  0.240117  1.00  0.085722  0.144428  0.127197  0.216128  1031.676147  3.158020  805.550598  0.719036
 261    1.048843  0.615971  0.258259  0.313974  1.00  0.055768  0.117254  0.102590  0.139094  1797.836426  1.315275  788.268066  0.572233
 262    0.999068  1.688579  0.449130  0.243192  1.00  0.086260  0.142203  0.123282  0.205959  1085.209473  3.155122  725.232300  0.692322
 262    1.048593  0.617926  0.236174  0.306854  1.00  0.046206  0.116528  0.105517  0.134847  1802.533325  1.287271  699.405457  0.543028
 263    0.990026  1.748216  0.452280  0.271812  1.00  0.083250  0.143147  0.124855  0.206712  1209.788696  2.570356  857.557495  0.724092
 263    1.032026  0.604219  0.288422  0.328795  1.00  0.060479  0.120647  0.106099  0.148405  1558.762817  1.114365  887.753906  0.617217
 264    0.975329  1.784229  0.467871  0.234316  1.00  0.079290  0.140892  0.121438  0.210685  1058.136230  2.819565  790.974915  0.702187
 264    1.031786  0.572209  0.268257  0.343914  1.00  0.057838  0.127262  0.113571  0.161249  1390.989258  1.573366  822.021912  0.612170
 265    0.993204  1.810972  0.467685  0.240884  1.00  0.085533  0.141685  0.122394  0.221650  1035.106689  2.924777  789.225464  0.708569
 265    1.032198  0.529571  0.265257  0.372786  1.00  0.067671  0.136393  0.120198  0.168468  1245.450928  1.664488  926.111023  0.638043
 266    0.994647  0.485464  0.306012  0.385714  1.00  0.074405  0.146280  0.131066  0.181633  1169.240967  1.516359  1114.868164  0.691726
 266    0.993515  1.823033  0.439992  0.242437  1.00  0.067558  0.140297  0.123745  0.212670  1158.296143  2.903172  701.306091  0.682429
 267    0.990418  0.431777  0.278291  0.400228  1.00  0.070413  0.140515  0.121493  0.232150  1193.604614  3.268000  633.472717  0.678520
 267    1.017542  1.859174  0.451702  0.249806  1.00  0.075071  0.149608  0.132483  0.226282  1105.088745  2.894152  762.467957  0.701508
 268    0.965364  0.366325  0.311007  0.420194  0.99  0.084351  0.160764  0.142163  0.268846  932.653503  3.531691  680.457397  0.731201
 268    1.032980  1.891637  0.450861  0.222497  1.00  0.083945  0.145467  0.126020  0.225239  1061.110596  2.917143  755.194397  0.673358
 269    0.951424  0.328121  0.308013  0.398976  1.00  0.074874  0.150325  0.131176  0.226532  1085.926636  2.667968  791.660645  0.706989
 269    1.051756  1.892210  0.447519  0.252129  1.00  0.087496  0.137587  0.119396  0.226416  930.973389  2.957088  746.822937  0.699648
 270    0.929276  0.273640  0.322673  0.392420  1.00  0.068797  0.147308  0.128740  0.226549  1152.615356  2.931957  727.879272  0.715093
 270    1.055567  1.883202  0.472391  0.260556  1.00  0.087843  0.146190  0.129210  0.223023  1037.905518  2.655770  912.679749  0.732947
 271    1.054669  1.893982  0.472507  0.243491  1.00  0.095750  0.144097  0.124250  0.222599  1087.919800  2.886517  814.271606  0.715998
 271    0.928686  0.237499  0.328167  0.376210  1.00  0.081823  0.140890  0.122725  0.221413  1184.747681  2.819315  740.403198  0.704377
 272    1.064590  1.874359  0.435787  0.236768  1.00  0.071752  0.139195  0.120371  0.204287  1260.049561  2.717000  791.189453  0.672554
 272    0.914994  0.211820  0.366608  0.372002  1.00  0.088603  0.138389  0.118973  0.215795  1044.763428  2.746845  836.930725  0.738611
 273    1.046943  1.837805  0.441731  0.286305  1.00  0.075420  0.141997  0.122162  0.204120  1297.264038  2.280354  943.135132  0.728036
 273    0.874265  0.159257  0.418834  0.389953  1.00  0.088089  0.143075  0.126332  0.203703  808.868591  3.188292  966.476746  0.808787
 274    1.039648  1.808771  0.513174  0.282013  1.00  0.115378  0.150435  0.126711  0.213353  1133.092163  2.261925  1161.190796  0.795187
 274    0.947843  0.192943  0.320546  0.338267  1.00  0.066612  0.127159  0.113049  0.189820  1154.403687  2.520848  708.424988  0.658812
 275    1.018441  1.735383  0.482345  0.292155  1.00  0.098840  0.140565  0.121000  0.190478  1227.635742  2.394387  1025.971924  0.774500
 275    0.946841  0.189737  0.302896  0.330734  1.00  0.057410  0.124878  0.110039  0.176643  1436.972656  2.337805  676.236633  0.633631
 276    1.007811  1.694955  0.487074  0.256497  1.00  0.093585  0.145084  0.126005  0.182642  1263.077881  2.422862  981.133789  0.743571
 276    0.949068  0.193532  0.286058  0.309203  1.00  0.048703  0.124654  0.110872  0.167284  1519.687012  2.332664  577.869446  0.595261
 277    0.995903  1.665924  0.475847  0.303511  1.00  0.089610  0.144841  0.127038  0.191380  1436.558838  2.088614  1064.730835  0.779358
 277    0.972173  0.183524  0.332959  0.306422  1.00  0.071891  0.121039  0.104448  0.179174  1407.889771  2.326411  689.036804  0.639382
 278    1.011185  1.631395  0.463868  0.291604  1.00  0.092105  0.148664  0.132301  0.204179  1378.381592  2.270948  1014.701050  0.755472
 278    0.975976  0.183940  0.274640  0.289938  1.00  0.049092  0.114186  0.098741  0.151764  1491.621460  1.384448  735.394714  0.564578
 279    1.015499  1.585167  0.491666  0.297975  1.00  0.100167  0.156565  0.137424  0.215468  1180.450073  2.622595  1046.682373  0.789641
 279    0.994474  0.188711  0.316127  0.279534  1.00  0.056217  0.122898  0.108660  0.153252  1755.538086  1.437767  800.510742  0.595661
 280    1.026515  1.531949  0.455859  0.329126  1.00  0.082053  0.159168  0.140745  0.213720  1337.016357  2.347478  1102.514771  0.784986
 280    0.995282  0.208607  0.296507  0.259833  1.00  0.047887  0.115049  0.102177  0.138513  1939.291382  1.526477  689.766113  0.556340
 281    1.035698  1.485549  0.433785  0.350697  1.00  0.071561  0.148817  0.132809  0.195941  1371.296509  2.449560  1039.160889  0.784482
 281    0.987516  0.229724  0.340132  0.244563  1.00  0.061351  0.117994  0.102131  0.135858  1601.052246  1.251961  811.521912  0.584695
 282    1.050088  1.432434  0.431723  0.368113  1.00  0.084684  0.155740  0.140126  0.204931  1221.892822  2.379384  1151.009766  0.799836
 282    0.981796  0.258988  0.292838  0.232874  0.99  0.042752  0.109557  0.096362  0.123511  2052.616943  1.338881  663.093384  0.525712
 283    1.054413  1.396375  0.508705  0.312402  1.00  0.119113  0.154979  0.136286  0.214856  1001.961914  2.782118  1092.503174  0.821107
 283    0.972246  0.286682  0.329602  0.223708  0.99  0.054381  0.113631  0.100322  0.122177  1783.654175  1.510535  735.806458  0.553311
 284    1.078840  1.352745  0.440293  0.314962  1.00  0.076410  0.153356  0.137394  0.212779  1326.445312  2.698340  935.458435  0.755256
 284    0.926656  0.309269  0.422399  0.235569  1.00  0.077882  0.125274  0.110211  0.135565  1418.815186  1.704454  978.420593  0.657968
 285    1.088363  1.329014  0.437325  0.327104  1.00  0.083861  0.148034  0.131944  0.214116  1225.991455  3.009941  818.816528  0.764428
 285    0.927633  0.339754  0.384504  0.240667  1.00  0.069625  0.117793  0.103374  0.127929  1500.001831  1.397126  909.135620  0.625171
 286    1.111756  1.324640  0.418332  0.319406  1.00  0.092732  0.147594  0.130016  0.221926  1165.782959  2.727698  930.783325  0.737738
 286    0.902296  0.390156  0.408423  0.232909  1.00  0.080842  0.114630  0.098403  0.126442  1275.195312  1.896440  922.305359  0.641332
 287    1.110232  1.314147  0.435245  0.315102  1.00  0.083707  0.145303  0.128556  0.215572  1163.062134  2.671198  902.955627  0.750347
 287    0.932494  0.406827  0.312766  0.241860  1.00  0.046031  0.114761  0.102092  0.125184  2173.929443  1.295249  753.213135  0.554625
 288    1.109680  1.327662  0.454121  0.296037  1.00  0.103632  0.143931  0.125184  0.221198  1157.751831  2.781314  911.283569  0.750158
 288    0.927211  0.433446  0.304155  0.247131  1.00  0.047040  0.114793  0.103925  0.122567  2003.633911  1.139664  728.457581  0.551285
 289    1.091161  1.355509  0.459319  0.269438  1.00  0.098641  0.143560  0.121969  0.221789  1143.359375  2.719012  854.307190  0.728757
 289    0.934856  0.475473  0.303293  0.233965  1.00  0.042710  0.105987  0.093245  0.119684  2031.642334  1.357238  641.444885  0.537258
 290    1.074891  1.378556  0.448501  0.229722  1.00  0.085352  0.140434  0.123064  0.210384  1164.234863  3.009501  714.718689  0.678223
 290    0.967977  0.504850  0.287540  0.242450  1.00  0.046181  0.106913  0.094401  0.122250  1876.128418  1.207995  668.980103  0.529990
 291    1.056254  1.422571  0.437058  0.230761  1.00  0.081213  0.132575  0.114823  0.197195  1196.520508  2.527136  788.311157  0.667819
 291    0.957203  0.532755  0.298162  0.243608  1.00  0.052219  0.102308  0.089012  0.121206  1534.725220  1.855419  601.222290  0.541770
 292    1.029712  1.459076  0.453750  0.227090  1.00  0.080821  0.132657  0.114922  0.205442  1218.611694  3.077006  703.856750  0.680840
 292    0.995252  0.554123  0.299592  0.265911  1.00  0.043897  0.109878  0.097444  0.121139  1952.770264  1.284713  693.574707  0.565503
 293    1.012304  1.518219  0.468778  0.224958  1.00  0.089818  0.136596  0.117937  0.215430  963.876038  3.180400  760.739685  0.693736
 293    1.018403  0.574740  0.265215  0.276794  1.00  0.047366  0.110294  0.098138  0.125305  1833.926514  1.030256  724.239807  0.542009
 294    0.988259  1.564933  0.443065  0.235613  1.00  0.068388  0.132447  0.115725  0.202327  1124.567017  3.065578  669.433533  0.678678
 294    1.039132  0.600709  0.224954  0.288151  0.99  0.039940  0.108987  0.096479  0.130851  1761.628296  1.789286  561.180237  0.513106
 295    0.991309  1.630364  0.450518  0.235965  1.00  0.078672  0.142656  0.124110  0.226166  1005.174622  3.472730  656.848938  0.686482
 295    1.050868  0.624142  0.271738  0.286300  1.00  0.055948  0.110279  0.095745  0.137715  1604.225220  2.081212  571.543762  0.558038
 296    1.059288  0.562679  0.254432  0.377285  1.00  0.056254  0.111945  0.096956  0.141808  1294.727539  2.270173  753.576599  0.631717
 296    0.974514  1.688507  0.451187  0.218522  1.00  0.077275  0.146361  0.128827  0.217102  1027.417358  3.376446  661.416809  0.669709
 297    0.979924  1.707267  0.465264  0.289036  1.00  0.086978  0.146773  0.129938  0.216367  1077.697510  2.614928  867.462769  0.754300
 297    1.073944  0.601282  0.212629  0.351738  1.00  0.050303  0.109248  0.094150  0.145750  1595.597290  2.243115  594.718811  0.564367
 298    0.973321  1.750010  0.464862  0.269719  1.00  0.085013  0.141432  0.122364  0.218905  1144.295776  2.491307  890.067078  0.734580
 298    1.068709  0.648500  0.244354  0.314495  1.00  0.054137  0.112775  0.096726  0.141061  1493.878906  2.085574  622.628296  0.558849
 299    0.992615  1.770666  0.467036  0.261615  1.00  0.087828  0.143394  0.125528  0.211451  1098.269165  2.597849  865.875854  0.728652
 299    1.069932  0.646523  0.267127  0.317606  1.00  0.049062  0.116653  0.102606  0.138938  1610.930664  1.086165  740.121033  0.584733
 300    1.008897  1.806870  0.453681  0.244746  1.00  0.090508  0.136112  0.115448  0.228038  1065.044434  2.896281  759.732971  0.698427
 300    1.047592  0.635574  0.248430  0.329172  1.00  0.055066  0.113248  0.097792  0.146457  1479.049927  1.936194  680.865845  0.577602
 301    1.013297  1.833036  0.455476  0.211174  1.00  0.078642  0.147318  0.126807  0.235177  1087.441406  3.152033  678.415405  0.666650
 301    1.068227  0.631077  0.244902  0.336314  1.00  0.052352  0.123499  0.107807  0.147843  1455.729004  1.359501  805.891663  0.581216
 302    1.052174  0.608891  0.245700  0.354445  1.00  0.055800  0.127754  0.112506  0.160385  1551.491943  1.926116  747.533813  0.600145
 302    1.026100  1.855723  0.455923  0.216713  1.00  0.082996  0.140544  0.119459  0.222803  1072.903076  2.804596  777.317993  0.672637
 303    1.025065  1.866192  0.464227  0.218619  1.00  0.083995  0.140008  0.120539  0.233166  987.961853  3.318554  690.824402  0.682846
 303    1.036387  0.577387  0.254457  0.367556  1.00  0.068789  0.124240  0.107788  0.170246  1297.084473  2.345577  691.725769  0.622012
 304    0.991146  0.550300  0.304073  0.376731  1.00  0.076866  0.134376  0.116723  0.178180  1343.481567  2.261994  825.911987  0.680805
 304    1.049209  1.877603  0.443294  0.246862  1.00  0.084078  0.141437  0.121916  0.224563  1035.197998  2.963900  726.279846  0.690156
 305    0.979745  0.507445  0.324198  0.391562  1.00  0.080989  0.140903  0.121720  0.186128  1216.280151  1.779179  1065.025391  0.715760
 305    1.065142  1.892777  0.438053  0.244438  1.00  0.080368  0.144788  0.128686  0.217023  1062.379150  2.891915  747.168762  0.682491
 306    0.969185  0.465934  0.283081  0.398256  1.00  0.076387  0.140287  0.120791  0.183479  1283.696899  1.670192  1053.379761  0.681337
 306    1.067367  1.889905  0.465975  0.256597  1.00  0.097370  0.141736  0.120600  0.219377  1184.562378  2.435608  937.086975  0.722572
 307    0.927075  0.432490  0.335179  0.386968  1.00  0.087331  0.136665  0.117831  0.198650  1248.036011  2.301528  853.418518  0.722148
 307    1.058366  1.872678  0.503454  0.252515  1.00  0.115232  0.147673  0.124433  0.220802  1037.639038  2.674650  948.362427  0.755968
 308    1.059642  1.869242  0.436867  0.248355  1.00  0.066480  0.141205  0.124180  0.212235  1338.078369  2.607068  794.279541  0.685222
 308    0.928044  0.410620  0.312500  0.362355  1.00  0.074864  0.143896  0.127631  0.175793  1289.802124  1.436270  1060.470459  0.674854
 309    1.054356  1.856331  0.445300  0.260363  1.00  0.076858  0.143854  0.126407  0.211564  1312.181152  2.441937  857.116943  0.705663
 309    0.909958  0.371686  0.331673  0.360388  1.00  0.073205  0.138765  0.121589  0.182569  1303.489868  1.690415  964.137512  0.692061
 310    1.051313  1.818588  0.454711  0.285865  1.00  0.079621  0.140852  0.123940  0.197151  1343.598755  2.347826  926.955505  0.740576
 310    0.913230  0.366851  0.298523  0.335101  0.98  0.058960  0.139632  0.125032  0.163466  1507.644897  1.213385  971.745850  0.633624
 311    1.016630  1.772521  0.468162  0.273823  1.00  0.075399  0.140150  0.123748  0.171012  1400.574219  2.295798  915.557007  0.741985
 311    0.914026  0.333528  0.302890  0.331086  1.00  0.059995  0.133626  0.119666  0.159073  1611.797607  1.089033  993.350952  0.633976
 312    1.008349  1.731997  0.465880  0.274164  1.00  0.084967  0.142551  0.124861  0.173379  1200.900879  2.225857  1036.676270  0.740044
 312    0.914007  0.309289  0.274805  0.340612  0.99  0.051757  0.128689  0.114522  0.154582  1812.451294  1.245651  932.069214  0.615417
 313    1.007647  1.682067  0.477851  0.279975  1.00  0.095610  0.140345  0.119587  0.179468  1305.992798  2.145133  1037.340942  0.757826
 313    0.921593  0.238384  0.298735  0.387797  1.00  0.058728  0.136333  0.122958  0.156923  1204.779053  1.024095  1104.765747  0.686532
 314    0.982228  1.630669  0.488356  0.237576  1.00  0.100192  0.138891  0.119264  0.181775  1205.293335  2.557355  916.882385  0.725932
 314    0.947395  0.293418  0.301227  0.309256  1.00  0.060389  0.130556  0.115309  0.154781  2019.962891  1.056198  913.773926  0.610484
 315    0.956505  0.248711  0.317698  0.339410  1.00  0.059346  0.132412  0.118814  0.155142  1904.341431  1.131688  1005.114502  0.657108
 315    0.964266  1.610222  0.484176  0.219539  1.00  0.090326  0.134901  0.116176  0.173879  1154.162109  2.759506  798.738403  0.703714
 316    0.961380  1.563928  0.458323  0.218841  1.00  0.091345  0.125380  0.107254  0.170856  1181.188599  2.455750  823.717651  0.677165
 316    0.987962  0.228646  0.337810  0.327340  1.00  0.069402  0.123474  0.105141  0.161205  1442.599609  1.134678  978.063843  0.665150
 317    0.957659  1.545954  0.444619  0.198417  1.00  0.081823  0.125238  0.107767  0.162797  1272.441772  2.649377  749.305908  0.643037
 317    0.971839  0.236207  0.398597  0.294018  1.00  0.081646  0.124641  0.107224  0.159324  1306.627930  1.575230  983.782043  0.692615
 318    0.958402  1.517958  0.451797  0.192265  1.00  0.096288  0.114584  0.099398  0.140793  1142.356934  2.764156  712.857300  0.644062
 318    1.027314  0.222796  0.341199  0.290916  1.00  0.070625  0.124093  0.105880  0.165063  1428.939453  1.845169  809.170593  0.632115
 319    0.953208  1.493298  0.466229  0.193887  1.00  0.095614  0.118279  0.101397  0.142824  1259.652100  2.829623  716.154907  0.660116
 319    1.036994  0.231381  0.310503  0.277455  1.00  0.051234  0.115429  0.100214  0.154163  1699.314209  1.959814  629.755005  0.587958
 320    0.976720  1.466697  0.470710  0.197528  1.00  0.092016  0.125573  0.105669  0.180921  1187.049194  2.804917  781.458618  0.668238
 320    1.034154  0.228661  0.311378  0.277205  1.00  0.055039  0.117267  0.105182  0.139083  1606.691772  1.499940  739.165710  0.588583
 321    0.999881  1.421993  0.452256  0.223701  1.00  0.086455  0.120577  0.103651  0.165804  1239.418945  2.923977  746.917786  0.675957
 321    1.056228  0.228153  0.305994  0.278176  1.00  0.055011  0.114234  0.100216  0.145322  1643.363159  1.879378  659.169800  0.584170
 322    1.036728  1.388415  0.461372  0.245795  1.00  0.095525  0.139540  0.119228  0.228003  1020.292297  3.299325  783.953430  0.707167
 322    1.036900  0.240448  0.331871  0.267045  1.00  0.052241  0.118292  0.104355  0.142413  1436.701904  1.484380  757.328308  0.598916
 323    1.081530  1.334698  0.435938  0.307900  1.00  0.076387  0.143239  0.122174  0.213527  1142.661621  2.537736  960.773987  0.743838
 323    1.038154  0.236897  0.331460  0.274146  1.00  0.059827  0.110986  0.096042  0.150519  1564.894043  2.372632  562.553772  0.605605
 324    1.107789  1.316055  0.500888  0.289216  1.00  0.104328  0.156277  0.137428  0.243792  1019.690613  3.011025  970.031311  0.790104
 324    1.023456  0.265106  0.322468  0.257261  1.00  0.057203  0.107763  0.093549  0.127943  1554.435791  1.462900  754.028381  0.579729
 325    1.151126  1.253909  0.422403  0.339154  1.00  0.079199  0.150961  0.132518  0.224557  1117.532104  3.037528  893.927917  0.761558
 325    0.981708  0.293381  0.345201  0.237657  1.00  0.049495  0.107113  0.094221  0.119336  1589.867798  1.066355  816.841309  0.582857
 326    1.203060  1.205947  0.376598  0.432192  1.00  0.072995  0.154969  0.136919  0.219947  1162.670532  2.859305  927.449707  0.808790
 326    0.972271  0.324818  0.371606  0.242206  1.00  0.070677  0.105773  0.090755  0.119835  1330.584839  2.351664  610.964478  0.613812
 327    1.247951  1.187303  0.320996  0.459445  1.00  0.080580  0.154078  0.138569  0.216282  1284.623047  2.682453  953.379089  0.780440
 327    0.971785  0.351974  0.345916  0.235774  1.00  0.064773  0.109330  0.094131  0.120400  1598.157837  1.601990  788.126648  0.581691
 328    1.259636  1.155262  0.274096  0.510862  1.00  0.095048  0.146253  0.126903  0.225668  1201.150146  2.563242  981.264526  0.784959
 328    0.929870  0.392822  0.345428  0.227730  1.00  0.050535  0.109680  0.096574  0.115088  2029.284424  1.757670  730.211914  0.573158
 329    1.278203  1.187196  0.205175  0.466200  1.00  0.078415  0.140003  0.121649  0.211999  1246.748413  2.883262  754.687805  0.671375
 329    0.924906  0.417329  0.339309  0.233848  1.00  0.053029  0.114846  0.102256  0.120175  1751.915405  1.635344  781.012878  0.573157
 330    1.265629  1.190748  0.218305  0.473729  1.00  0.089068  0.135012  0.114510  0.204033  1205.694092  2.589678  842.802856  0.692034
 330    0.915422  0.473808  0.335930  0.219328  1.00  0.048462  0.118082  0.105192  0.124804  1866.389526  1.658781  684.906006  0.555258
 331    1.275851  1.201296  0.184289  0.482349  1.00  0.087790  0.135786  0.116163  0.202799  1118.558350  2.849375  826.599060  0.666638
 331    0.911787  0.512525  0.311621  0.216545  1.00  0.040219  0.106862  0.096118  0.115444  2198.385986  1.535522  595.689453  0.528166
 332    1.258909  1.253605  0.184384  0.471494  1.00  0.096948  0.129922  0.110946  0.193406  1215.635864  2.670899  835.323853  0.655878
 332    0.917977  0.539933  0.331049  0.228467  1.00  0.048417  0.107510  0.095645  0.117244  2074.657959  1.614081  636.029663  0.559515
 333    1.252500  1.300777  0.173424  0.442462  1.00  0.080795  0.120194  0.102918  0.166539  1146.415283  3.039541  671.108032  0.615886
 333    0.934212  0.575703  0.308847  0.235091  1.00  0.046928  0.113816  0.103487  0.121741  1766.177246  1.435370  671.902771  0.543939
 334    0.959110  0.612409  0.278703  0.248664  1.00  0.045228  0.107505  0.093861  0.116314  1800.306641  1.675180  602.911011  0.527367
 334    1.230240  1.367022  0.193802  0.420776  0.99  0.074584  0.126187  0.104942  0.206663  967.267761  3.325049  566.925476  0.614578
 335    0.990232  0.626431  0.291617  0.281123  1.00  0.048941  0.108260  0.094093  0.122713  1667.041870  1.715526  650.785278  0.572739
 335    1.209348  1.432672  0.205465  0.398128  1.00  0.094932  0.119187  0.099171  0.156472  893.208740  2.427803  713.424377  0.603593
 336    1.028059  0.696561  0.240577  0.272453  1.00  0.045090  0.105683  0.093609  0.118217  1661.558960  1.406845  616.241333  0.513030
 336    1.193956  1.454764  0.180834  0.298025  1.00  0.030255  0.089158  0.080168  0.091490  1898.840332  1.481877  474.993896  0.478859
 337    1.054202  0.730597  0.218763  0.329820  1.00  0.054423  0.115114  0.100310  0.144863  1388.312012  2.224204  583.296997  0.548583
 337    1.185877  1.499033  0.177592  0.292243  1.00  0.037844  0.089246  0.081239  0.093180  2007.817871  1.452113  506.618530  0.469835
 338    1.077752  0.755014  0.246724  0.336054  1.00  0.062984  0.122930  0.106781  0.152394  1353.549561  2.161954  650.433777  0.582778
 338    1.150431  1.532509  0.240315  0.294618  1.00  0.041963  0.093844  0.083941  0.100293  1842.628540  1.505245  581.331299  0.534932
 339    1.095949  0.766138  0.199058  0.338501  1.00  0.051423  0.117090  0.101729  0.168077  1604.767700  2.562016  502.600281  0.537559
 339    1.091673  1.571787  0.332628  0.273247  0.99  0.042357  0.112699  0.099010  0.116128  1475.984131  1.290733  681.630554  0.605875
 340    1.092778  0.756536  0.198252  0.354537  1.00  0.050863  0.121409  0.105464  0.159520  1554.982788  2.159563  616.259888  0.552789
 340    1.053563  1.591314  0.319482  0.262893  1.00  0.045823  0.101060  0.089554  0.105581  1587.777954  1.385861  602.750854  0.582375
 341    1.087792  0.747681  0.195505  0.356827  1.00  0.050980  0.116216  0.099915  0.166263  1606.806152  2.680776  514.806519  0.552333
 341    1.033114  1.619610  0.300182  0.270330  1.00  0.046942  0.095841  0.082143  0.105976  1199.910767  1.473606  594.406677  0.570512
 342    1.106469  0.734658  0.186826  0.368599  1.00  0.050368  0.113652  0.096667  0.180657  1481.169189  2.744391  533.136902  0.555425
 342    1.007095  1.639218  0.222522  0.240744  1.00  0.026890  0.088627  0.082152  0.090204  1817.287842  1.048265  459.939667  0.463266
 343    1.107481  0.729288  0.202724  0.373894  1.00  0.056780  0.121669  0.103364  0.198111  1390.648560  3.007632  545.427429  0.576618
 343    0.993785  1.648461  0.273050  0.312441  1.00  0.042659  0.105750  0.096828  0.108711  1359.141968  1.330920  625.508850  0.585491
 344    1.114127  0.729280  0.174351  0.360528  1.00  0.053339  0.113502  0.096648  0.179145  1417.416870  3.147190  454.885437  0.534879
 344    0.993764  1.665217  0.258136  0.305970  0.99  0.039996  0.098136  0.089623  0.102562  1344.657104  1.086460  622.361389  0.564106
 345    1.114669  0.717337  0.207358  0.384079  1.00  0.060077  0.121448  0.103713  0.196770  1404.395874  2.809854  574.594116  0.591436
 345    0.993662  1.686971  0.176718  0.282373  1.00  0.027853  0.091037  0.081946  0.094237  2012.207275  1.374063  451.771637  0.459091
 346    1.135016  0.715507  0.204133  0.389070  1.00  0.066597  0.124111  0.107444  0.204682  1200.260742  2.775026  609.992004  0.593203
 346    1.013864  1.696779  0.194978  0.324377  1.00  0.037645  0.099451  0.087013  0.109260  1390.437012  1.453013  555.949158  0.519355
 347    1.111659  0.715197  0.215679  0.393462  1.00  0.058260  0.124797  0.110103  0.179986  1436.319336  2.560385  647.564148  0.609141
 347    1.020836  1.693662  0.132039  0.378564  1.00  0.049384  0.101192  0.086384  0.155294  1099.340332  3.042879  465.402527  0.510603
 348    1.150185  0.714107  0.270084  0.425739  1.00  0.095515  0.132602  0.115517  0.194730  1259.519287  2.122601  981.721680  0.695823
 348    1.052084  1.716004  0.140903  0.359447  1.00  0.046764  0.099301  0.086090  0.131850  1252.201782  3.025807  416.949402  0.500350
 349    1.155242  0.706864  0.288732  0.473912  1.00  0.114188  0.143099  0.124306  0.226321  1173.328003  2.211514  1097.496948  0.762644
 349    1.065139  1.711408  0.158299  0.332974  1.00  0.031488  0.096949  0.083064  0.116353  1576.187744  2.787724  375.111206  0.491272
 350    1.178885  0.684485  0.188917  0.500613  1.00  0.085347  0.150720  0.130629  0.256408  1124.938843  2.838796  885.433777  0.689530
 350    1.076128  1.726387  0.181770  0.502794  1.00  0.113971  0.134948  0.110355  0.231394  877.029602  2.925469  840.568176  0.684564
 351    1.175449  0.654037  0.188123  0.509381  1.00  0.094891  0.152506  0.131540  0.245318  1278.595459  2.716899  955.055115  0.697504
 351    1.075377  1.721212  0.206103  0.483262  1.00  0.095716  0.135905  0.112360  0.229583  1044.157104  2.661135  872.627258  0.689365
 352    1.187437  0.592223  0.177246  0.531989  1.00  0.087122  0.155827  0.134424  0.237028  1287.266357  3.213763  884.019104  0.709235
 352    1.091540  1.717245  0.204841  0.485956  1.00  0.085414  0.147207  0.124736  0.235905  1097.650757  3.130399  774.869629  0.690797
 353    1.157392  0.512013  0.212207  0.550891  1.00  0.083347  0.160681  0.139655  0.232960  1029.722046  3.086192  1012.731506  0.763098
 353    1.094903  1.675828  0.234124  0.511817  1.00  0.083400  0.154876  0.133911  0.218379  1014.570923  2.892336  916.667542  0.745941
 354    1.149197  0.452774  0.278836  0.587226  0.99  0.103876  0.176556  0.155297  0.245938  1072.877075  2.738868  1283.112427  0.866063
 354    1.093779  1.647177  0.249554  0.501507  1.00  0.081268  0.158845  0.139294  0.221293  1110.480103  3.005780  881.666626  0.751062
 355    1.131613  0.392967  0.257062  0.587492  0.99  0.098836  0.177898  0.154752  0.259352  1016.206299  2.763159  1288.830566  0.844555
 355    1.117378  1.606807  0.276919  0.516161  1.00  0.083855  0.157688  0.137395  0.220226  1140.130005  2.713106  1069.858765  0.793080
 356    1.111083  0.331590  0.321913  0.570773  1.00  0.102352  0.164650  0.142608  0.229845  1145.967529  2.405108  1321.025635  0.892686
 356    1.118771  1.570800  0.252661  0.481323  1.00  0.075089  0.150019  0.132182  0.200478  1198.446411  2.826825  968.751160  0.733985
 357    1.077874  0.347371  0.333809  0.480465  1.00  0.087585  0.155585  0.137633  0.200086  1277.569824  2.163837  1211.124634  0.814274
 357    1.130123  1.523248  0.289917  0.467008  1.00  0.072231  0.155081  0.137332  0.225167  1248.430176  2.992544  870.285095  0.756924
 358    1.131441  1.486255  0.292650  0.460998  1.00  0.072879  0.148835  0.131034  0.208547  1165.208008  3.044686  909.861023  0.753648
 358    1.039066  0.335725  0.308907  0.426737  1.00  0.069607  0.138757  0.122633  0.165002  1354.415771  2.187027  965.500732  0.735644
 359    1.134686  1.477716  0.342187  0.415655  1.00  0.067931  0.144212  0.129423  0.206354  1335.312012  2.696363  887.947449  0.757843
 359    1.031198  0.278886  0.258052  0.407178  1.00  0.056423  0.132666  0.115627  0.167878  1283.470825  2.405969  781.278015  0.665229
 360    1.130367  1.463695  0.371811  0.403554  1.00  0.072813  0.145742  0.128811  0.197611  1425.224487  2.437326  988.211243  0.775365
 360    1.014572  0.220771  0.258725  0.400575  0.99  0.063683  0.145322  0.131604  0.170599  1265.101196  1.810127  953.509766  0.659300
 361    1.129997  1.453857  0.355599  0.416867  1.00  0.069342  0.149684  0.135692  0.198520  1552.916504  2.512252  972.977112  0.772466
 361    0.988401  0.137569  0.371970  0.407721  1.00  0.087886  0.156130  0.140624  0.186711  1221.681152  1.559497  1232.828735  0.779691
 362    1.117000  1.451084  0.376423  0.427609  1.00  0.069301  0.152691  0.139004  0.201163  1546.463623  2.355163  1010.011780  0.804031
 362    0.959577  0.069218  0.374569  0.399184  1.00  0.087564  0.166175  0.152901  0.198302  1108.390381  1.929974  1092.799683  0.773753
 363    1.089119  1.433796  0.372798  0.377879  0.99  0.065635  0.141485  0.127131  0.188098  1469.966675  2.638390  867.253601  0.750678
 363    0.944839  0.007261  0.365438  0.380554  1.00  0.082050  0.157330  0.144148  0.191638  1023.962097  1.737522  1171.002075  0.745992
 364    1.064833  1.431803  0.426699  0.352154  1.00  0.084404  0.142395  0.127073  0.191809  1402.041870  2.585134  927.209595  0.778854
 364    0.973164  0.003292  0.427611  0.307494  1.00  0.088350  0.164393  0.155728  0.216220  824.789612  2.250668  1098.706665  0.735105
 365    1.066470  1.419276  0.339108  0.365908  0.99  0.063744  0.143220  0.128744  0.187066  1566.924805  2.440208  885.937683  0.705016
 365    0.916907  -0.069819  0.477013  0.321532  1.00  0.094709  0.152792  0.138695  0.185623  696.494873  2.344782  1270.676636  0.798546
 366    1.034339  1.427922  0.389143  0.357297  1.00  0.071974  0.142233  0.129055  0.195418  1516.883911  2.599015  891.114807  0.746440
 366    0.986483  -0.136983  0.448777  0.324465  1.00  0.107826  0.160380  0.147241  0.212538  1014.505493  2.133666  1082.105103  0.773242
 367    1.018196  1.409653  0.372427  0.353250  0.99  0.064311  0.145860  0.132030  0.186688  1476.454224  2.701598  885.587280  0.725677
 368    1.016198  1.371140  0.389014  0.393464  1.00  0.080013  0.142529  0.126058  0.189070  1328.891724  2.889524  868.500977  0.782478
 369    1.011263  1.379375  0.386569  0.354227  1.00  0.069510  0.143845  0.128519  0.187239  1395.443115  2.747584  889.992981  0.740796
 370    1.010438  1.339779  0.402386  0.391679  1.00  0.076683  0.146903  0.130420  0.197705  1351.758423  2.710666  984.470825  0.794065
 371    1.033204  1.319999  0.437542  0.355973  1.00  0.088022  0.151551  0.134155  0.208433  1173.181274  2.761006  1031.662476  0.793515
 372    1.051033  1.248224  0.412683  0.397787  1.00  0.080639  0.152978  0.136310  0.201383  1200.244995  2.776605  1016.277466  0.810470
 373    1.075774  1.186292  0.431909  0.396192  1.00  0.093279  0.161961  0.145583  0.215645  1188.250366  2.967229  1036.491699  0.828102
 374    1.112283  1.108932  0.397462  0.397183  1.00  0.082896  0.159856  0.144524  0.221872  1118.342163  2.979647  1039.974487  0.794644
 375    1.165366  1.028412  0.416158  0.413476  1.00  0.090775  0.163144  0.146539  0.232443  1247.265991  2.920778  983.775208  0.829634
 376    1.208612  0.976989  0.411603  0.408762  1.00  0.092971  0.161906  0.143560  0.257435  1094.337769  3.446961  850.884155  0.820365
 377    1.234157  0.935532  0.383663  0.411502  1.00  0.080832  0.156136  0.139613  0.267991  1046.035889  3.533719  801.840820  0.795164
 378    1.268988  0.890909  0.347957  0.442376  1.00  0.089697  0.163636  0.146333  0.227515  978.795593  3.112050  948.982178  0.790333
 379    1.314638  0.855849  0.294001  0.479193  1.00  0.071581  0.152736  0.135676  0.219262  1117.259277  2.873244  923.323303  0.773194
 380    1.347771  0.847251  0.244915  0.473297  1.00  0.071628  0.156101  0.138755  0.232942  1113.724976  2.948632  845.648438  0.718212
 381    1.350046  0.828619  0.248901  0.492219  1.00  0.073339  0.155586  0.139315  0.222345  1272.173218  2.871442  857.917053  0.741120
 382    1.359576  0.834467  0.223852  0.485540  1.00  0.073340  0.149417  0.131560  0.226196  1238.148560  2.765090  845.770264  0.709391
 383    1.363220  0.829106  0.207399  0.496172  1.00  0.074130  0.156361  0.139125  0.231110  1163.900269  2.718713  902.129395  0.703571
 384    1.372426  0.870043  0.180670  0.470840  1.00  0.076232  0.144048  0.125686  0.220307  1195.598389  2.791759  798.874390  0.651510
 385    1.376839  0.873574  0.185753  0.487179  1.00  0.068040  0.150541  0.131464  0.231805  1237.772339  2.868982  827.509216  0.672932
 386    1.357852  0.892232  0.209583  0.503523  1.00  0.088347  0.147162  0.128541  0.215093  1332.714111  2.491887  1020.488708  0.713107
 387    1.353602  0.923830  0.172008  0.496472  1.00  0.073370  0.154562  0.137569  0.224688  1208.271729  2.952677  834.895874  0.668480
 388    1.345670  0.967140  0.181939  0.483302  0.97  0.065608  0.144012  0.124977  0.226943  1210.553589  2.892984  801.471252  0.665241
 389    1.315176  1.017978  0.216082  0.488969  1.00  0.071697  0.139648  0.119315  0.212178  1086.399780  2.730590  869.284729  0.705051
 390    1.314734  1.095539  0.218554  0.455556  1.00  0.077609  0.137970  0.115010  0.218041  1254.496704  2.859439  766.960144  0.674110
 391    1.277015  1.151032  0.244176  0.439344  1.00  0.101141  0.131083  0.107088  0.195618  1202.127686  2.591224  839.811768  0.683520
 392    1.269032  1.175167  0.238822  0.433259  1.00  0.094792  0.133421  0.109852  0.200689  1033.953857  2.775393  780.669006  0.672081
 393    1.225106  1.200124  0.278535  0.416780  1.00  0.101411  0.125935  0.102505  0.168298  928.354370  2.395043  920.422607  0.695315
 394    1.175780  1.248505  0.170573  0.294595  1.00  0.037610  0.094044  0.084663  0.095129  2151.820312  1.736529  500.603577  0.465168
 395    1.114809  1.276720  0.277530  0.285730  0.99  0.036597  0.096257  0.088124  0.097487  1972.277954  1.223521  607.979675  0.563261
 396    1.084446  1.287887  0.302000  0.301599  1.00  0.037759  0.103460  0.092793  0.107760  1927.052368  1.296955  631.128601  0.603600
 397    1.055403  1.327294  0.313174  0.281125  1.00  0.040395  0.102148  0.093023  0.107036  1851.529053  1.215061  669.825378  0.594300
 398    1.026459  1.365819  0.321356  0.266743  1.00  0.042824  0.101168  0.089627  0.108161  1510.526611  1.366113  661.834839  0.588099
 399    1.029576  1.391644  0.319526  0.249074  1.00  0.045544  0.103253  0.094758  0.108724  1544.056763  1.066433  645.035034  0.568600
 400    1.047201  1.411440  0.291222  0.291445  0.99  0.038998  0.105754  0.097866  0.111413  1555.099609  1.240618  628.500000  0.582667
 401    1.032651  1.469857  0.295047  0.279306  1.00  0.042984  0.100030  0.091694  0.104184  1405.541016  1.492366  609.558594  0.574353
 402    1.038570  -0.104776  0.376662  0.238714  1.00  0.075591  0.104743  0.092553  0.125257  1488.396240  2.067123  790.950439  0.615376
 402    1.054616  1.530275  0.188483  0.266507  1.00  0.030908  0.092228  0.084962  0.095161  1864.121338  1.281218  471.148712  0.454991
 403    0.934977  -0.054064  0.447005  0.257059  1.00  0.063681  0.117882  0.102919  0.134325  1128.056274  2.633037  827.411865  0.704064
 403    1.075973  1.577354  0.159478  0.243848  1.00  0.025401  0.079067  0.073139  0.083169  1959.704712  1.458245  340.335876  0.403325
 404    0.891853  0.034185  0.473269  0.251212  1.00  0.083794  0.109694  0.094651  0.121323  892.071228  2.923072  804.607605  0.724481
 404    1.108660  1.596180  0.192354  0.297121  1.00  0.032452  0.090271  0.078206  0.103001  1437.934937  1.300951  462.833618  0.489475
 405    1.069304  0.114215  0.317351  0.239288  1.00  0.050979  0.101321  0.089388  0.117797  1607.657104  1.927770  662.598145  0.556638
 405    1.116024  1.650195  0.117396  0.282647  1.00  0.027800  0.084797  0.073538  0.096025  2082.159180  2.802988  293.785828  0.400043
 406    1.074281  0.188784  0.325402  0.233871  1.00  0.048682  0.108363  0.097999  0.134005  1506.873413  2.178304  621.276733  0.559273
 406    1.115283  1.658728  0.168284  0.384873  1.00  0.067372  0.098878  0.083904  0.143379  1309.600830  2.477996  574.687500  0.553157
 407    1.106747  1.673847  0.180849  0.466830  1.00  0.088414  0.137965  0.112684  0.213588  1102.658691  2.718156  793.879272  0.647680
 407    1.087831  0.258659  0.338229  0.236513  1.00  0.063281  0.106103  0.092486  0.129145  1526.575073  2.181247  674.973206  0.574742
 408    1.079908  1.661008  0.207207  0.501156  1.00  0.092345  0.144035  0.120094  0.206383  970.807495  2.538136  966.601746  0.708363
 408    1.012093  0.290139  0.402700  0.278807  1.00  0.062116  0.107154  0.091389  0.124581  1064.102051  2.542472  862.134521  0.681507
 409    1.070143  1.693829  0.202493  0.468697  1.00  0.075779  0.136590  0.114829  0.197768  1260.094604  2.876866  757.915771  0.671190
 409    1.054096  0.354413  0.371153  0.277646  1.00  0.069531  0.110725  0.095099  0.128248  1414.021851  2.143765  738.930786  0.648799
 410    1.059413  1.712606  0.202111  0.451845  1.00  0.072222  0.140405  0.120584  0.210199  1280.965088  3.131987  679.484863  0.653956
 410    1.057739  0.448584  0.334697  0.235124  1.00  0.071145  0.097629  0.084319  0.109372  1576.531860  2.134120  665.696960  0.569821
 411    1.032703  1.729431  0.257433  0.441974  1.00  0.068275  0.142503  0.124112  0.209187  1210.738770  2.870732  765.930664  0.699407
 411    1.036550  0.489680  0.287805  0.261533  1.00  0.048967  0.099304  0.085749  0.108789  2173.210449  1.392014  661.481445  0.549337
 412    1.028404  1.755165  0.276148  0.415885  1.00  0.060740  0.136990  0.120837  0.194773  1268.245361  2.425149  833.380920  0.692033
 412    1.035766  0.555117  0.279446  0.256409  1.00  0.050697  0.100481  0.087757  0.109887  1929.142334  1.391826  627.157532  0.535855
 413    1.003247  1.808690  0.318704  0.390434  0.98  0.061341  0.142053  0.126980  0.202600  1293.157227  2.805949  765.460571  0.709138
 413    1.015009  0.607755  0.307283  0.259067  1.00  0.046382  0.103956  0.089939  0.114324  2204.067871  1.496482  669.475769  0.566351
 414    0.988308  1.840586  0.358734  0.367676  0.98  0.060642  0.146600  0.132461  0.207226  1200.663574  3.067374  726.484375  0.726410
 414    1.007400  0.655829  0.317809  0.260143  1.00  0.054354  0.108449  0.094045  0.121790  1686.379028  1.915309  633.811829  0.577952
 415    0.966794  1.905977  0.376365  0.318071  1.00  0.059643  0.135771  0.119861  0.195453  1258.122314  3.079583  708.485291  0.694437
 415    1.034721  0.698144  0.211982  0.262782  1.00  0.032534  0.095913  0.083764  0.110909  2077.118652  1.905393  471.224243  0.474764
 416    1.056258  0.722342  0.226208  0.344110  1.00  0.048294  0.110846  0.095092  0.142154  1601.991699  2.659549  522.017883  0.570318
 417    1.068060  0.773499  0.233255  0.361143  1.00  0.058047  0.122084  0.107157  0.146560  1542.263672  2.403902  651.561951  0.594398
 418    1.084997  0.821867  0.200915  0.365607  1.00  0.055082  0.116461  0.100520  0.148638  1405.289062  2.272740  648.783264  0.566521
 419    1.110167  0.879703  0.212508  0.386044  1.00  0.069891  0.120476  0.103157  0.171919  1274.477783  2.915765  585.259094  0.598552
 420    1.129860  0.933376  0.181728  0.378222  1.00  0.061199  0.109313  0.093089  0.150622  1455.548218  2.652679  571.454590  0.559950
 421    1.145059  0.987616  0.220406  0.381021  1.00  0.071748  0.116453  0.098448  0.165219  1125.105469  2.251246  748.756897  0.601427
 422    1.136424  1.034020  0.162395  0.346194  1.00  0.050161  0.104738  0.089453  0.156032  1610.078613  2.853711  452.221069  0.508589
 423    1.134509  1.059154  0.178426  0.357229  1.00  0.053101  0.111381  0.096323  0.167314  1530.846436  2.739679  492.685760  0.535655
 424    1.118688  1.078894  0.146312  0.342990  1.00  0.048720  0.103026  0.088768  0.136822  1727.293091  2.568395  464.163513  0.489303
 425    1.091749  1.089248  0.179455  0.358214  1.00  0.058817  0.108494  0.093646  0.133837  1628.428101  2.348344  574.827026  0.537669
 426    1.043556  1.117660  0.188567  0.352211  1.00  0.054669  0.111151  0.096780  0.135452  1553.608398  2.243267  592.065552  0.540778
 427    1.026852  1.082340  0.164217  0.387415  1.00  0.051381  0.106828  0.091351  0.135666  1374.626221  2.346712  634.621216  0.551632
 428    1.015944  1.070526  0.134884  0.418014  1.00  0.052692  0.114426  0.099011  0.158957  1471.698242  3.328629  528.405579  0.552898
 429    0.993897  1.109961  0.179558  0.452926  1.00  0.079300  0.121316  0.104292  0.181697  1316.047607  3.191395  662.399109  0.632483
 430    0.955895  1.161632  0.170394  0.442270  1.00  0.080248  0.126124  0.111193  0.158778  1357.274048  2.832936  710.340820  0.612663
 431    0.893455  1.146868  0.193933  0.481598  0.99  0.061150  0.137897  0.122920  0.169606  1473.173584  2.915679  774.286804  0.675531
 432    0.815106  1.250261  0.210629  0.428636  0.98  0.063522  0.138867  0.124840  0.145938  1644.667480  2.572890  750.349243  0.639264
 433    0.603130  1.289757  0.379061  0.404306  1.00  0.064459  0.130283  0.119115  0.131134  1828.638794  1.296465  1306.881714  0.783367
 434    0.533377  1.311314  0.361918  0.257439  1.00  0.037412  0.121430  0.112994  0.124565  2127.716553  2.055943  703.063477  0.619357
 435    0.475411  1.334422  0.375118  0.228712  0.99  0.038431  0.116501  0.105828  0.117439  2265.943604  2.183568  658.025146  0.603830
